0.2627412780127139 75.91804933547974 58.08430036683601 1 119.34872554300594
0.05611845331067431 77.75715255737305 38.52209812485121 1 74.4795407985797
0.3800871241849542 70.49944806098938 63.882361697173714 1 142.89378678862346
0.08837573495176328 69.64821338653564 38.32888328856044 1 79.27056632537187
0.038586673964748235 140.69873309135437 34.76740523135737 1 82.810562457492
0.07247487570739172 79.0983476638794 35.36597678258685 1 77.3878400307716
0.07666789063052505 100.92873573303223 38.63485266982113 1 83.24629580667568
0.82594454668971 58.33960008621216 63.38328623617328 1 229.5334866024191
  kx_ = Eigen::Vector3d(15.7, 8.7, 8.0);
  kv_ = Eigen::Vector3d(3.4, 7.4, 5.0);
0.6989823347443761 65.20981168746948 67.930894281819 1 206.4246081427329
  kx_ = Eigen::Vector3d(13.7, 7.7, 6.7);
  kv_ = Eigen::Vector3d(3.4, 5.4, 4.0);
0.1438290424946792 70.3596510887146 39.529143207643855 1 90.74356735820753
  kx_ = Eigen::Vector3d(8, 4, 6.7);
  kv_ = Eigen::Vector3d(4, 2, 4.0);
0.054295011878894905 81.06011486053467 35.229440206488476 1 74.11691338918361
  kx_ = Eigen::Vector3d(8, 4, 6.7);
  kv_ = Eigen::Vector3d(3, 1.5, 4.0);
0.21248875984117244 83.76972317695618 45.57804393350014 1 108.36730539032575
  kx_ = Eigen::Vector3d(8, 4, 6.7);
  kv_ = Eigen::Vector3d(4.5, 2.3, 4.0);
0.05972687284424626 68.32092356681824 34.05368971003634 1 72.42029722422016